,Id,T1,RH_1,T2,RH_2,T3,RH_3,T4,RH_4,T5,RH_5,T6,RH_6,T7,RH_7,T8,RH_8,T9,RH_9,T_out,Press_mm_hg,RH_out,Windspeed,Visibility,Tdewpoint,Output,time,month
Id,1.0,0.00144318579992,-0.010650826439,0.00396749495854,0.00505130213269,-0.00892113052011,-0.011997788051,-0.00690721958076,0.00545161176778,0.00126545581769,-0.00583604822242,-0.00056779914349,-0.00879368044254,0.010821131175,-0.0145552756002,-0.00759911570794,-0.0036992831182,-0.00192305883359,-0.00680774368014,0.00616917556801,-0.00950178374898,0.00249523523976,0.00034442001296,-0.00245706176588,0.00675165061202,0.00264996852965,-0.00787255817548,0.0081939864979
T1,0.00144318579992,1.0,0.134301327242,0.26872127249,0.141744757361,0.246127974988,0.118849557262,0.229911351613,0.136256873457,0.252955063243,0.115524177295,0.217449381161,-0.113685799625,0.224963838297,0.136586828295,0.226557526483,0.122576108106,0.25228539949,0.132264004213,0.237076033592,0.11645299798,0.0406854971587,0.0290718810367,0.058225078865,0.194633194591,0.0241646323379,0.0562204050697,0.219354481612
RH_1,-0.010650826439,0.134301327242,1.0,0.174762399103,0.281123820594,0.197039859758,0.239593928147,0.15415957014,0.271845341023,0.153487517809,0.189680661035,0.15795393454,0.143792805204,0.0896411661672,0.250682090362,0.129042494491,0.260606168308,0.129338374791,0.256201858621,0.147998572849,0.124164100997,0.168691924332,0.113497279876,0.0768663115104,0.249651570076,0.0271857669673,-0.000746348038475,-0.0495303574545
T2,0.00396749495854,0.26872127249,0.174762399103,1.0,0.114925058278,0.2387077938,0.150312558736,0.283393611115,0.212367407759,0.227707449124,0.120647931887,0.349366919922,-0.153861290011,0.243283156112,0.17913313256,0.202952508006,0.172290667964,0.247393213338,0.158046199974,0.323564815013,0.143663506603,-0.0125030458799,0.0879754588176,0.0564539369432,0.250872184178,0.0388448151512,0.0863712422454,0.189792174085
RH_2,0.00505130213269,0.141744757361,0.281123820594,0.114925058278,1.0,0.165259369423,0.262672080221,0.138115524077,0.251374464508,0.168317741343,0.182627885018,0.016975035463,0.186858789353,0.11757710333,0.247371870086,0.118116932285,0.282213504826,0.157180277075,0.237941424398,0.0470736975799,0.145363015238,0.263422008638,0.0695018183644,0.0797682267609,0.19798416263,-0.0276346021383,-0.0818220558127,-0.048947824007
T3,-0.00892113052011,0.246127974988,0.197039859758,0.2387077938,0.165259369423,1.0,0.156520776012,0.260504676782,0.166990592372,0.25337233302,0.10315666602,0.265712907924,-0.147766896505,0.267236430491,0.135243762473,0.253361610454,0.148634108924,0.282231889664,0.170061886637,0.262398296941,0.139181331116,0.0654125824183,0.0348344602591,0.0654136647182,0.227754012786,0.0246401347287,0.00619838535328,0.250687611918
RH_3,-0.011997788051,0.118849557262,0.239593928147,0.150312558736,0.262672080221,0.156520776012,1.0,0.13529535548,0.262742606683,0.133168128464,0.21064596413,0.0644640668679,0.198768179975,0.116280861188,0.285826304137,0.118899376112,0.277647548296,0.134195585869,0.245882856854,0.0851517701635,0.148054982529,0.204484009307,0.123539186989,0.0864125574914,0.14509012875,0.0187486907004,-0.0227288384555,-0.143251045594
T4,-0.00690721958076,0.229911351613,0.15415957014,0.283393611115,0.138115524077,0.260504676782,0.13529535548,1.0,0.113052077906,0.285809673449,0.0838946059667,0.266038868944,-0.183557280958,0.265108221312,0.0992608992106,0.262476155542,0.114591108353,0.28976938872,0.100801714859,0.263711872252,0.142787256321,0.0269037393471,0.00826705496155,0.0401857367587,0.190316641571,0.0176777686007,0.0152084487738,0.262790417335
RH_4,0.00545161176778,0.136256873457,0.271845341023,0.212367407759,0.251374464508,0.166990592372,0.262742606683,0.113052077906,1.0,0.132646617497,0.176506173623,0.136052678999,0.204172798348,0.104256808018,0.2917618163,0.0998340788925,0.316459765363,0.109234428118,0.271470107774,0.146904901447,0.131197560852,0.202209184563,0.173873234653,0.0865786036073,0.26259241397,3.50560294599e-05,-0.0160987712016,-0.112021045168
T5,0.00126545581769,0.252955063243,0.153487517809,0.227707449124,0.168317741343,0.25337233302,0.133168128464,0.285809673449,0.132646617497,1.0,0.101917724034,0.252609312512,-0.162042565764,0.243126662072,0.179874978925,0.254438105319,0.132166688655,0.264181232899,0.132188082623,0.24937508327,0.131473688004,0.0512133519504,0.00771244863909,0.0714473231636,0.227807200204,0.0202354583584,0.00535397117687,0.26406469204
RH_5,-0.00583604822242,0.115524177295,0.189680661035,0.120647931887,0.182627885018,0.10315666602,0.21064596413,0.0838946059667,0.176506173623,0.101917724034,1.0,-0.00922609730568,0.189040747226,0.0548313335622,0.202818301626,0.101746465534,0.223228214636,0.0946594286669,0.165959391099,-0.00544625559445,0.127248056011,0.185549137804,0.0801070821981,0.0655214644125,0.0591837108561,0.00709948096813,0.0429301341729,-0.134152449446
T6,-0.00056779914349,0.217449381161,0.15795393454,0.349366919922,0.016975035463,0.265712907924,0.0644640668679,0.266038868944,0.136052678999,0.252609312512,-0.00922609730568,1.0,-0.479987586839,0.25740308224,0.152423753719,0.195023897213,0.0654327528353,0.280217136569,0.095737588539,0.7577065715,0.0422751632482,-0.277139331286,0.150535235171,-0.0236343518136,0.598921035281,0.0887580838582,0.144179416465,0.453868663133
RH_6,-0.00879368044254,-0.113685799625,0.143792805204,-0.153861290011,0.186858789353,-0.147766896505,0.198768179975,-0.183557280958,0.204172798348,-0.162042565764,0.189040747226,-0.479987586839,1.0,-0.213708162287,0.207010907075,-0.158678485342,0.252011626913,-0.201289821713,0.188815202542,-0.459047461019,0.0509394716199,0.414169415742,0.0818266206954,0.115639843472,-0.189829008107,-0.0609533833314,-0.139686789453,-0.62659545588
T7,0.010821131175,0.224963838297,0.0896411661672,0.243283156112,0.11757710333,0.267236430491,0.116280861188,0.265108221312,0.104256808018,0.243126662072,0.0548313335622,0.25740308224,-0.213708162287,1.0,0.11638046666,0.283605691818,0.0901927096378,0.284565017383,0.0910388015102,0.275483050089,0.132348068019,-0.00406243053028,-0.00171225857313,0.0572261289113,0.195568453861,0.0216784781242,0.0193459165725,0.292674262554
RH_7,-0.0145552756002,0.136586828295,0.250682090362,0.17913313256,0.247371870086,0.135243762473,0.285826304137,0.0992608992106,0.2917618163,0.179874978925,0.202818301626,0.152423753719,0.207010907075,0.11638046666,1.0,0.104547567597,0.315753954286,0.109945071316,0.304069794567,0.164658396546,0.10975586259,0.234702450236,0.135920098842,0.0546648887027,0.313899738646,-0.0151571627024,-0.0790141906939,-0.0975974433781
T8,-0.00759911570794,0.226557526483,0.129042494491,0.202952508006,0.118116932285,0.253361610454,0.118899376112,0.262476155542,0.0998340788925,0.254438105319,0.101746465534,0.195023897213,-0.158678485342,0.283605691818,0.104547567597,1.0,0.0914302851715,0.266567885819,0.088596400296,0.193051596117,0.142667667953,0.0798214171073,-0.00727442631349,0.0711089462817,0.148493635517,0.011248138002,0.0205063688999,0.24643236048
RH_8,-0.0036992831182,0.122576108106,0.260606168308,0.172290667964,0.282213504826,0.148634108924,0.277647548296,0.114591108353,0.316459765363,0.132166688655,0.223228214636,0.0654327528353,0.252011626913,0.0901927096378,0.315753954286,0.0914302851715,1.0,0.115985211339,0.262102813239,0.0912201278434,0.123054156597,0.255490767108,0.134818307724,0.0842358687295,0.232484729646,-0.0483844847521,-0.132323987314,-0.128923256472
T9,-0.00192305883359,0.25228539949,0.129338374791,0.247393213338,0.157180277075,0.282231889664,0.134195585869,0.28976938872,0.109234428118,0.264181232899,0.0946594286669,0.280217136569,-0.201289821713,0.284565017383,0.109945071316,0.266567885819,0.115985211339,1.0,0.108344325397,0.257265113286,0.154845714524,0.0263438025093,0.00970001038538,0.0359658881473,0.21880181218,0.0020557038509,-0.00295773690189,0.311401965111
RH_9,-0.00680774368014,0.132264004213,0.256201858621,0.158046199974,0.237941424398,0.170061886637,0.245882856854,0.100801714859,0.271470107774,0.132188082623,0.165959391099,0.095737588539,0.188815202542,0.0910388015102,0.304069794567,0.088596400296,0.262102813239,0.108344325397,1.0,0.121522365526,0.14062455799,0.17295892059,0.120378128954,0.0896891335747,0.217099861875,-0.0239726986129,-0.0975276780579,-0.0967707004543
T_out,0.00616917556801,0.237076033592,0.147998572849,0.323564815013,0.0470736975799,0.262398296941,0.0851517701635,0.263711872252,0.146904901447,0.24937508327,-0.00544625559445,0.7577065715,-0.459047461019,0.275483050089,0.164658396546,0.193051596117,0.0912201278434,0.257265113286,0.121522365526,1.0,0.0190352412472,-0.270173034286,0.167671811849,-0.0295369868623,0.621752735976,0.0688863915315,0.156843447914,0.438636941042
Press_mm_hg,-0.00950178374898,0.11645299798,0.124164100997,0.143663506603,0.145363015238,0.139181331116,0.148054982529,0.142787256321,0.131197560852,0.131473688004,0.127248056011,0.0422751632482,0.0509394716199,0.132348068019,0.10975586259,0.142667667953,0.123054156597,0.154845714524,0.14062455799,0.0190352412472,1.0,0.159162566881,0.0385785114963,0.087603557434,0.0138879987856,0.00799543081539,0.00163208514099,-0.000855889544721
RH_out,0.00249523523976,0.0406854971587,0.168691924332,-0.0125030458799,0.263422008638,0.0654125824183,0.204484009307,0.0269037393471,0.202209184563,0.0512133519504,0.185549137804,-0.277139331286,0.414169415742,-0.00406243053028,0.234702450236,0.0798214171073,0.255490767108,0.0263438025093,0.17295892059,-0.270173034286,0.159162566881,1.0,-0.0505336558709,0.105536394775,0.0479585507379,-0.0805910558615,-0.185776522518,-0.173031551897
Windspeed,0.00034442001296,0.0290718810367,0.113497279876,0.0879754588176,0.0695018183644,0.0348344602591,0.123539186989,0.00826705496155,0.173873234653,0.00771244863909,0.0801070821981,0.150535235171,0.0818266206954,-0.00171225857313,0.135920098842,-0.00727442631349,0.134818307724,0.00970001038538,0.120378128954,0.167671811849,0.0385785114963,-0.0505336558709,1.0,0.0239846890574,0.120846045261,0.0660268304743,0.0710735811044,-0.184052426588
Visibility,-0.00245706176588,0.058225078865,0.0768663115104,0.0564539369432,0.0797682267609,0.0654136647182,0.0864125574914,0.0401857367587,0.0865786036073,0.0714473231636,0.0655214644125,-0.0236343518136,0.115639843472,0.0572261289113,0.0546648887027,0.0711089462817,0.0842358687295,0.0359658881473,0.0896891335747,-0.0295369868623,0.087603557434,0.105536394775,0.0239846890574,1.0,-0.0134487186965,-0.00397575581386,-0.0194178889608,-0.0646093981256
Tdewpoint,0.00675165061202,0.194633194591,0.249651570076,0.250872184178,0.19798416263,0.227754012786,0.14509012875,0.190316641571,0.26259241397,0.227807200204,0.0591837108561,0.598921035281,-0.189829008107,0.195568453861,0.313899738646,0.148493635517,0.232484729646,0.21880181218,0.217099861875,0.621752735976,0.0138879987856,0.0479585507379,0.120846045261,-0.0134487186965,1.0,0.0021637684894,0.00966980822969,0.35771161703
Output,0.00264996852965,0.0241646323379,0.0271857669673,0.0388448151512,-0.0276346021383,0.0246401347287,0.0187486907004,0.0176777686007,3.50560294599e-05,0.0202354583584,0.00709948096813,0.0887580838582,-0.0609533833314,0.0216784781242,-0.0151571627024,0.011248138002,-0.0483844847521,0.0020557038509,-0.0239726986129,0.0688863915315,0.00799543081539,-0.0805910558615,0.0660268304743,-0.00397575581386,0.0021637684894,1.0,0.219810614644,-0.0172490787394
time,-0.00787255817548,0.0562204050697,-0.000746348038475,0.0863712422454,-0.0818220558127,0.00619838535328,-0.0227288384555,0.0152084487738,-0.0160987712016,0.00535397117687,0.0429301341729,0.144179416465,-0.139686789453,0.0193459165725,-0.0790141906939,0.0205063688999,-0.132323987314,-0.00295773690189,-0.0975276780579,0.156843447914,0.00163208514099,-0.185776522518,0.0710735811044,-0.0194178889608,0.00966980822969,0.219810614644,1.0,-0.0160786534262
month,0.0081939864979,0.219354481612,-0.0495303574545,0.189792174085,-0.048947824007,0.250687611918,-0.143251045594,0.262790417335,-0.112021045168,0.26406469204,-0.134152449446,0.453868663133,-0.62659545588,0.292674262554,-0.0975974433781,0.24643236048,-0.128923256472,0.311401965111,-0.0967707004543,0.438636941042,-0.000855889544721,-0.173031551897,-0.184052426588,-0.0646093981256,0.35771161703,-0.0172490787394,-0.0160786534262,1.0
